659445
727932
716964
780266
693706
760787
750114
829723
682849
748157
739392
791418
743420
772170
788944
896343
675707
729754
724282
791448
734535
757156
753512
838380
753738
776688
757782
810154
796995
815969
855562
958396
678102
730577
709673
784793
711147
760225
744718
851880
730091
772859
731448
798068
738183
786684
797174
903736
724600
764890
735297
809370
735830
771060
765587
847335
790577
825513
809742
845643
901098
874441
945956
1038111
689546
735423
722313
783281
703103
755117
752373
838373
716229
757242
744703
792706
733478
769297
800280
921583
711299
753619
742356
795824
715488
750993
757075
846959
735704
775418
771064
814885
803909
820794
864716
976563
702835
751654
736494
807227
727969
768944
744931
876233
752107
781891
749734
819512
755849
805063
800688
932451
767771
832434
795286
848569
789845
821811
807065
885722
911972
891453
862808
891390
967813
938045
1015004
1098501
727473
769575
735865
799777
736414
772035
762665
856665
722977
771453
750331
800673
785192
795307
821810
921543
733018
764549
746064
804779
771868
772230
770899
858002
734573
771540
749698
806307
820999
836140
919139
1021847
744275
775509
747947
804349
760322
780028
758973
867957
734227
762591
731073
806930
771991
798433
827756
940614
729438
778085
758647
812769
797876
798092
795015
884849
810587
818623
802938
850377
897943
878969
959674
1075190
808817
800639
784671
834372
790301
795811
827889
908123
783942
790766
800183
835854
772517
784850
853091
1022375
809826
799935
798866
832858
781458
790069
813699
921495
772527
797468
829232
863916
826787
830794
911047
1054493
907272
870757
846917
928363
847353
867166
810086
1002232
856044
848547
821880
917244
817112
883899
857358
1036744
1009049
946159
918767
966365
917398
917387
891647
1010148
1044708
993505
968671
1006963
1072526
1042390
1099135
1172403
