423828
466129
458177
498836
444683
488594
480498
531979
442542
482835
476661
512020
475421
504099
510853
571447
439611
477435
473748
513025
471166
493649
491212
541982
485609
508176
498279
529342
518156
533722
555500
604189
441530
482650
467873
513746
465003
498935
486899
549151
473104
502829
479505
521193
484318
519198
522066
577429
467055
503956
486930
529869
483443
510577
507047
550516
513611
542740
532311
552709
579545
572293
606497
639236
447658
479142
477267
511869
464035
491688
492290
545532
472893
494618
489641
520217
484153
507823
523672
587332
462908
493445
489209
521174
471433
494226
497644
550431
484471
511619
512849
538253
528026
540927
560781
617531
453636
490305
483197
535146
481031
511399
490653
572330
495118
518487
495711
546087
500494
539341
525212
597947
497045
543957
520296
562109
518365
547275
527761
579729
579053
581627
562474
586531
612725
613519
640191
669092
465959
491412
473381
513972
480409
502154
496179
550494
474948
505570
486854
521247
515889
523122
540042
590202
483724
503716
488514
523579
505815
506268
512029
555869
485828
512578
495954
529052
538906
549698
595115
640389
483414
505261
488550
525506
502611
513587
504747
561238
483363
505692
483798
527403
510474
530564
546232
603370
476744
515204
503346
533615
530982
529975
533340
572823
527943
541145
534060
557022
579146
575338
619198
669551
509630
508601
505859
535432
516175
515105
545425
587072
515684
515398
524013
546091
513955
516885
561830
649030
526312
522359
527248
546009
518070
519007
543245
599113
508058
526644
550849
566662
541188
548394
592888
669060
565037
551817
546815
597099
550030
557294
538321
642599
553094
552593
542157
598269
534242
576044
565498
666851
618349
601326
587926
620309
588466
592389
582219
653135
641108
626062
616933
646240
657117
655455
670185
704733
