290068
318798
312537
342228
303404
334724
331184
365387
303991
332558
328540
352851
327606
351145
353179
388879
304732
332871
331010
355120
325110
343854
343857
373367
336307
354772
351238
368414
359006
371892
382141
406963
308149
338350
329888
358076
327398
349694
342210
376151
329785
349542
335002
361783
339742
364536
364023
393057
326052
355001
343120
368685
340836
359338
356164
380929
355396
378549
373781
382818
393845
396321
410513
421761
312684
334158
335494
357014
328879
343565
345114
378867
334014
346737
344358
363911
341887
357639
363938
397672
324647
346731
343372
363399
332547
347049
348415
379591
341460
358886
362896
376390
368224
378791
384684
415185
317375
342046
340064
375972
340794
361568
345064
394538
349475
365265
349349
385475
352137
381152
365530
407860
341474
379082
362601
392038
364337
385149
366353
401062
388181
401169
389023
407703
410629
423204
428698
438471
318781
335901
324996
355124
333317
348124
344302
377487
334844
354323
340374
363172
362056
366409
377442
401968
340478
354073
344835
362259
355109
353688
360620
382942
344524
360336
349921
368599
374605
382523
406486
424549
337610
353357
344273
367214
353794
359537
357491
384514
341798
356060
341434
365688
359032
373253
381433
409133
333384
361987
356096
371073
375213
373404
377300
392044
365708
377356
376374
385478
395407
399760
422744
444582
341384
345782
345811
366005
359896
358879
383412
402320
361601
359707
365206
378805
363830
361829
391652
434146
366159
365884
370394
379722
365380
362635
383620
412430
354621
369069
387466
392185
374962
383589
409902
451377
370154
370364
377541
409293
379714
382639
379464
433202
381735
382998
379948
411263
371272
397694
393602
455269
397921
408327
400059
421738
402138
406614
402502
447053
418760
421082
417810
439693
429311
438489
438746
458823
