104053
112229
107969
117640
103395
113665
112394
124037
102352
112328
110045
119622
111026
118268
119119
130043
101795
109752
109987
118695
107874
114846
116285
125617
114386
119587
116460
123375
120228
123116
126080
134437
103971
111926
108781
118393
109035
115411
115977
125588
111312
115552
112190
121646
114215
122035
121705
131339
110738
118646
115931
123824
113680
118226
120523
127152
117634
126073
122639
128642
130457
131243
136234
139128
107809
112558
110301
120186
107123
114196
114914
124553
110837
115492
113600
120868
113308
119630
120555
130899
109431
114913
113410
120204
109210
117675
117410
126517
115835
120405
120858
125004
122587
125220
127789
137381
108377
115540
115280
125536
114579
121663
116447
130449
118853
120534
116501
127525
118788
127317
121670
135846
114942
124509
121759
130299
120445
126314
123476
133795
129875
132165
127829
136154
135897
139332
140356
144624
112272
113997
108217
119190
111249
116479
116291
126207
109599
116662
114503
120604
121750
120995
124630
131721
113643
116466
114459
122047
119241
118789
119806
127274
115138
120633
116311
123647
123399
126967
134781
139671
115800
118164
113318
120918
116704
119351
117505
126566
112946
117111
113714
121844
121100
124127
126140
133875
113711
122042
118940
124210
126611
123698
125662
129464
121995
126320
123979
128384
132189
132847
139837
145933
118274
114726
117146
122632
119091
120295
128323
132566
120027
120948
123066
126171
122895
120397
129707
143098
124460
120664
123106
125157
119786
119308
127320
134205
120121
123453
130444
130549
126006
126187
136578
148871
124694
123768
123735
134853
125303
128748
126104
142512
126369
127145
123118
134953
124413
133536
131745
150816
134112
133540
132329
139473
133581
132687
134509
147711
138630
138732
137848
145018
140775
145319
144823
151256
