138944
148775
143907
156955
138798
152016
150612
165243
138570
150812
147706
159607
148766
158359
159096
172776
138205
147668
147676
158523
145212
154199
155314
166751
153053
159316
156108
165061
159958
164303
168239
178454
139905
150874
146250
158161
146334
154699
154748
166990
149099
154608
150354
161972
153040
162810
161896
174018
148794
158464
154041
164654
152912
158717
160358
169611
156916
167794
164048
170500
173280
174432
180294
184889
144491
151168
149419
160344
144670
152559
154354
165851
148899
154722
152716
161027
151886
160223
160699
174874
146869
153677
152586
160688
147187
156241
156482
168282
154297
160295
161889
166702
163392
166656
169160
182168
144939
154192
153658
167184
153072
161667
155231
173208
158719
161500
155571
169747
158104
169693
161802
180238
153335
166009
161993
172957
161607
168323
163380
177901
172578
175565
170570
180522
180311
185247
185853
192189
149215
152542
145889
159609
150114
156062
155756
167459
147623
156361
152787
161047
162171
162218
166146
174616
152336
155892
153084
162482
159059
158121
160309
169234
154023
160681
156079
165047
163943
168811
179090
185122
154943
158687
152052
162030
156598
159831
157622
168615
151537
156848
151804
162113
160585
165701
167997
178086
151094
162381
158165
165113
168366
165286
167451
172221
163425
167827
165926
170618
174892
176240
185647
193337
157096
153895
156415
163059
159831
160069
170384
175413
159364
160985
163950
167902
162759
160692
171778
188752
166427
161405
164941
167328
160721
159555
169359
179043
159268
164004
173012
173394
167858
168965
181804
197038
165959
165545
165287
178454
167172
170798
167567
187903
169424
169549
164737
179217
164649
176907
175310
198965
178312
177502
175608
183861
177725
176541
178006
195321
183563
183750
182857
191806
186746
191997
192213
201575
