391052
429034
420769
458878
408312
449171
441730
489886
407829
445009
438574
472360
437029
465761
471421
525102
405902
441341
438068
473300
433428
455929
454990
499493
448054
469669
461832
489603
478386
494070
512351
553287
408126
447325
433808
474965
430463
461832
451346
505394
437380
464709
443277
481682
449075
481386
483075
530399
431958
467271
451437
489255
448107
473407
470651
508513
473820
502332
493646
511200
532447
528061
556619
580470
413835
443147
442354
472874
430525
454889
455900
504006
438564
457533
453837
481782
449352
471265
483583
538765
428330
457213
453307
482184
437131
457548
460938
507912
449666
474052
476704
498889
488910
500937
516922
565020
419966
454052
447856
496863
446437
475000
454749
527416
459779
481115
459657
507770
464874
501828
485738
549470
458153
503438
481189
520742
479602
507762
488207
535721
529839
537198
518559
543208
560499
566781
585132
606604
429158
451179
435605
473391
444071
463525
457765
506768
440154
467944
450154
482039
477994
484923
500057
542124
448183
466732
453054
483336
469252
469004
475170
512340
451634
475176
460191
489846
497860
508822
547611
582959
447481
466965
453161
486553
466065
475919
469094
516176
448765
469023
448921
487276
473359
492491
505921
553636
441802
477852
467874
493482
493816
492160
496341
527141
487959
501071
495224
515033
532852
532345
569561
610535
465946
465867
465456
492596
477156
476083
506256
540501
477610
476761
485612
504479
477960
478801
520119
592958
486358
483613
488876
504577
481205
480438
504952
552498
470889
488572
511771
523873
500485
508091
547520
613344
512222
505103
503938
549439
507676
513736
500321
588916
509410
510064
502517
551002
494497
532091
523271
613487
557950
551785
541688
569532
540733
545069
538320
601126
580160
573017
566210
594424
595224
598961
607460
636539
