553773
614693
605947
656619
586608
643582
633151
699798
578396
633289
627016
670270
627977
654970
668601
756275
573007
620028
616511
671190
622294
643288
638210
710643
636157
661683
644260
687437
677163
693579
728112
809025
574561
622728
604550
667749
603732
647747
631964
724141
617415
656934
622441
678868
626834
670330
679296
765915
610480
650196
628130
689730
624296
658023
651556
719892
672468
705200
690295
720194
768075
745404
805794
873071
581943
622732
614662
664522
598340
640940
638282
712721
609204
642699
633433
674795
623870
655697
681804
781444
600812
639491
631692
677415
608606
640119
643936
720985
624538
662125
657644
696124
686034
700774
735954
826889
590317
636561
625257
689012
620889
657163
633398
748690
636554
666783
638562
700787
643860
690029
682995
792872
652074
709177
677054
727179
672263
705094
686786
755131
773775
762397
734345
760408
822287
801358
860862
921583
614610
648425
621740
676616
624680
656122
647266
725733
615279
657529
636326
678552
667818
676584
701021
782319
623855
652475
632624
684741
654576
656857
658324
730603
624037
660596
638452
686266
701272
714364
784566
866786
628155
657040
634506
683203
647673
663818
648614
738437
623325
651349
624397
686993
658207
682105
707470
800600
616802
664111
646900
692677
679858
681063
681602
754351
689967
699728
687231
724903
764117
749039
817520
909543
681399
676790
665404
706841
672835
674315
705370
773713
668461
671802
679168
713040
659558
668123
730690
872162
684826
679221
680204
709787
666179
672362
697086
787150
656771
678990
706809
739196
705091
708608
775385
896603
767794
738393
719962
790598
720104
734718
692252
857574
725996
720906
700625
785240
694376
753032
732198
882580
853477
803165
777570
824971
777032
780528
759014
860471
883826
840525
820793
856585
903682
881279
922736
978372
