170412
183542
178762
193826
173124
189587
187587
204118
173738
188408
186476
198830
185867
197808
198414
213885
173467
185526
185991
198425
183753
193594
194586
207399
190426
199093
196199
206060
200030
205627
210268
221243
175574
190122
184456
198731
183799
194203
193262
208029
187225
194987
189276
202629
191521
204514
202443
216170
185066
198681
193039
205730
192340
200352
200923
211547
196551
210021
206313
212026
215451
218152
224638
227937
179816
189062
189334
200424
183361
191935
194099
207796
188160
193816
192797
202039
191499
200917
202249
217466
185000
193608
192537
202339
186993
195339
196310
210184
192533
200732
203655
209241
204516
208747
211438
225844
180198
191993
192090
209201
191714
202592
194279
216527
198791
203373
196034
213210
198109
212993
203301
224009
191292
207265
202609
216528
203568
211110
203349
221459
214275
218525
213461
225227
223911
230542
230888
236814
183436
190062
183204
198449
188364
196251
195106
208498
186110
196717
191725
201831
201999
204025
208206
218461
191361
196503
192273
202121
199402
198136
201582
210872
192943
200962
196457
206513
206176
211348
222556
229696
192748
199847
192225
203785
197316
200853
199394
210943
191531
198081
191583
203244
200901
208288
210721
222454
187629
202894
198229
206120
210445
208434
210487
215870
203131
210518
208593
212889
217665
219841
230893
239389
193641
192190
194926
203428
198864
199888
212237
219314
200030
200895
204802
209471
203085
201580
215206
234329
206925
203483
206780
209587
202591
201476
212319
223813
198205
204981
216385
216584
209066
211986
225987
244326
205122
206377
206598
222156
208868
212663
209720
234134
211427
211838
208096
223172
205049
220028
218155
246839
220312
221029
218599
228619
220389
221114
221424
242752
227145
228347
227069
238014
230796
236657
237140
247684
