358749
392368
383133
419974
371558
410211
404844
448361
372200
406407
400874
432423
399764
428524
432559
477847
371392
405226
401976
433224
395668
418886
418413
456935
410561
431753
426115
450262
438823
454515
468593
501634
374939
411555
399392
436146
396376
424717
415866
461103
401497
425975
407440
442180
413482
443555
444367
483091
397294
430586
416810
449260
413493
436828
434561
466204
433805
461529
455494
469575
484643
484660
505748
521802
380574
407582
407444
435316
397562
417804
420057
461955
404925
421445
417938
442952
414764
434808
444170
489577
394484
421271
417543
443142
402991
421401
424323
465009
414742
436775
440533
459016
449806
461370
472158
512045
386359
417683
412381
457746
412450
439094
419368
482903
424785
444702
424001
468922
429192
464091
446275
501269
419047
462085
442500
479237
442355
469054
448303
491793
479165
491829
475268
499506
506897
519220
529192
544766
392537
411137
397397
434118
406823
425039
420342
463164
404909
430382
413226
442938
440680
446446
459384
493465
413580
429731
418079
443235
432324
431080
438458
468693
417262
438068
425020
450732
456767
467717
499707
524836
411751
430127
417568
447658
430263
438052
433699
471614
415070
432995
414296
446941
436347
454087
465912
503065
406958
440182
432091
453334
457393
454231
459341
481458
447553
460828
457311
472654
485679
488872
519703
550898
422358
423716
424568
449299
437638
436985
466388
492917
439480
438186
446731
463044
441555
440920
478266
536455
447424
444830
451500
463361
445003
441805
466358
505447
433692
450082
472922
480760
459166
467790
501682
556925
460301
457119
461092
500847
464757
469869
461943
534786
466758
467775
463564
503905
454309
488068
481810
559275
497170
501201
493354
518222
493647
498182
493253
549239
519361
519167
515193
541376
533227
542193
544975
570297
