68451
74099
70656
77901
67503
75247
74302
82795
66820
73713
72285
79510
73181
78242
78724
87284
66869
72154
72507
78707
70625
76080
77165
84455
76020
79430
76817
82455
79957
82094
83868
90406
68925
73920
72053
78793
71873
76743
76929
83924
72757
76893
73912
81358
76037
81519
81236
87982
73555
79515
77162
83098
74281
78763
80886
84958
77924
84623
81762
86185
87326
87574
91840
93321
70714
74370
72178
79602
70512
75267
75764
82745
73454
76773
74675
80815
75303
79932
80633
87465
71425
75366
74954
80407
71540
78119
78565
84531
77484
80708
80395
83636
81850
83851
85962
92244
71485
76942
76902
84929
75887
81398
77791
87603
78406
80227
77181
85719
79258
85670
81429
91212
75767
82995
81525
88222
80120
85066
82852
89819
86424
89318
85174
91383
91377
93695
94463
96629
74040
75295
71197
78906
73077
76884
76910
83871
72398
77351
75263
80829
81351
80270
83275
88113
75717
77481
76581
81716
78832
78644
80176
85058
77309
80963
77066
83084
82564
84868
90161
93880
75712
77562
74378
80044
77281
79354
78269
84334
73994
77787
75000
81299
81085
83030
84068
89658
75483
82380
79093
83706
84880
82742
84746
87032
81400
85042
82907
86191
88712
88936
93729
97665
78432
75688
77764
81141
79804
80674
86224
89281
79845
80852
82201
84703
82910
80782
87525
96212
82236
80142
82232
83961
79708
79477
85444
90470
80278
82779
87829
88194
84379
84789
91149
99470
82546
81636
83056
90288
84099
86560
85224
95773
84022
85062
82533
90597
83355
90058
88034
101129
89235
89527
89234
94157
89147
88940
90407
99095
92606
93508
92936
97252
94201
97386
96453
100204
