321761
354409
345977
380864
335876
371257
367163
406867
337212
368605
363070
392443
362679
389788
392756
433234
337214
368805
365527
393611
358455
381025
380688
415496
373396
393375
388631
409847
398769
414251
425436
453560
340485
375046
364183
397432
360766
386952
378805
418109
364816
387125
370841
401892
376662
404622
404927
437951
361214
393214
380411
408996
376940
398396
396274
424158
393852
420764
415569
426979
438303
441416
458020
469649
346020
370730
371225
396196
362912
380577
382461
420485
369105
383747
380891
403830
378302
396562
403931
442887
358831
384060
380127
403428
367227
383883
386368
422574
378383
398370
402161
418269
409530
421173
428689
462823
351555
380168
376050
417939
376709
401564
382181
439053
387534
406114
386689
428427
391100
424278
406538
455047
380061
420917
402523
436458
403871
428890
408072
447789
432135
447001
432606
455184
457861
472965
478332
488521
354841
372065
359710
394536
369542
385993
382048
419981
369869
391746
376133
403187
401981
406888
419301
447513
377047
391661
381250
402386
394030
392148
400270
426263
381420
399644
387590
410616
415685
426067
452950
473167
374614
391342
380566
408094
392410
399088
396148
427785
378499
394881
377748
406347
398467
414530
424616
455896
370743
401747
394883
412463
417731
414529
419944
437063
407429
420114
418308
430296
440486
445831
472227
496065
380571
383446
384364
406609
398507
397761
426034
447745
400419
398688
406557
421650
403533
402036
435752
484253
406705
405209
412067
422203
406097
402651
426844
459046
394938
410215
431861
437773
417999
427336
457251
504057
412649
411858
419264
454820
421968
426584
422245
483698
424281
426386
422985
458246
413429
444154
439536
508413
443395
454178
446340
470025
447626
452753
449032
499327
465700
469296
466428
491594
477887
489614
488692
509897
