36052
37389
35558
39376
34189
37643
37244
41976
33925
36890
35582
39417
36982
38778
39562
44275
33824
36322
36183
39168
35046
37989
38170
42227
38532
39693
37901
41332
40482
40876
42152
45573
35008
36372
36254
38971
35957
37532
38302
42016
35990
37754
36572
39847
37975
39938
41036
44231
37214
40393
38937
41447
37321
38719
40934
42049
39351
42670
41142
42858
44682
43470
46863
47302
35908
37341
35443
39397
35555
37483
37030
41372
35949
37824
36184
40048
37329
39671
40299
43450
35327
36939
36333
39486
35448
38871
38712
41865
39027
39970
38852
41813
41158
41722
42834
46062
36556
38964
38690
43387
37614
40621
38243
44198
38831
39601
37425
42992
40268
43355
40667
45478
37766
41539
40001
44945
40495
42752
41588
44531
43813
45180
41659
45827
45983
47315
47728
48718
37579
37645
35848
40066
36559
38094
38625
42253
36482
38538
37551
40174
40879
39719
41894
44455
37402
38203
37671
40596
38703
38694
39671
42692
38944
40399
38125
41537
41038
42652
45447
47339
37527
38085
36827
39511
37665
38756
38868
42151
36569
38329
37362
40152
40629
40863
41857
45101
38324
41450
39438
41937
42003
40898
42586
43341
40916
42435
41528
42732
44647
43881
46891
49225
39312
38275
39619
41427
39586
40599
44049
45668
39695
40013
40207
42374
41779
40356
44291
49140
40789
40316
40426
41911
38954
39306
42960
45511
40724
41279
43906
44007
42267
41979
45146
50076
41238
41163
41582
46019
41431
43129
43598
48600
42168
42094
41042
45596
41816
45212
44104
50792
44932
45553
44116
48216
43951
44859
45418
49904
46844
46917
47022
49133
47432
49207
48383
49537
