488334
540069
531854
576867
515308
566032
556164
615981
510189
558261
552172
591380
551916
578805
589776
664758
505569
547470
544222
592085
546666
568589
564053
626302
560285
584984
570207
607771
597492
613388
642293
707603
506255
552285
535325
590456
532794
572731
558340
638024
544122
580109
550714
600431
554342
594054
599926
672410
536901
576124
557350
610840
552414
583367
578181
635330
593061
624125
610709
636669
676215
659019
708697
759157
513480
549603
545560
587945
529449
565372
564450
629031
539716
567379
561082
597031
552736
580546
603044
686216
530479
564890
560071
599278
539378
567008
570042
636436
553333
586873
584225
617186
605497
620489
649172
723933
519791
562029
553523
611323
549978
583627
560709
662166
563731
591964
566052
622765
571115
613670
604387
695905
574381
626269
598178
645337
594652
626008
607722
667520
678762
673396
648577
673686
720880
707548
753330
797837
539836
569559
547218
595460
552200
579527
571580
638704
543971
581108
561195
598551
590657
599427
620244
687330
552659
577759
558756
603841
579780
581696
583922
643447
552709
586658
566063
606931
620503
631974
691591
757329
554483
580703
560073
603549
574750
588486
575506
651412
551632
578291
553302
607065
583775
605847
626235
704279
545270
589497
574111
613304
604409
604870
607040
664887
608530
620589
610279
640629
672916
662373
719652
791630
596233
593609
586357
621917
594890
593823
624637
681622
591570
592658
601769
629061
586315
591595
646745
764772
604994
599933
603897
627687
590483
594555
619586
693831
582296
602062
628166
653510
623635
627948
684210
784425
670055
648271
633733
694725
634230
645737
615383
753144
639200
636749
620512
692428
613857
665129
648774
775721
743091
703501
682897
725296
684196
686194
670151
757858
768221
734146
720116
751816
784001
769301
799273
843274
