264301
287853
283411
305806
274934
301137
297742
322392
276400
300099
297943
315644
296480
315033
315037
339281
276878
299298
299025
318227
294887
309389
310374
328808
303285
318094
315672
329364
317999
330209
336865
351186
280015
304398
297769
318381
295931
313411
309365
332232
299542
314538
302844
323603
305878
328131
324536
343376
294837
319178
309282
329517
308540
322253
321686
337567
314612
336439
332184
338828
344353
348705
357708
360043
284853
300668
303729
319187
298644
307738
312131
333258
302919
311370
310793
325041
309640
321944
324677
348148
295305
311741
310144
325521
302028
312126
314489
336461
307796
320960
327974
337265
327601
335890
339397
359290
286592
306281
307196
336097
307292
324591
311836
347848
316558
327526
315743
344864
317353
342665
326531
357711
305596
332840
324145
347888
327153
339808
325730
353425
342326
349691
342316
360132
357704
368709
367736
374451
287890
301359
292530
315176
301417
313058
310442
332530
300775
317087
307259
323103
323329
328111
332957
350167
306434
316539
309539
322828
319954
317433
324220
337917
310051
323376
315800
329725
332736
339321
355760
366358
304263
318391
310435
327461
318232
323177
321680
338989
307416
319667
307995
327043
321121
335402
338210
357809
298462
324809
319106
329870
337096
336269
338689
346661
324660
337349
335495
340949
347564
352706
368209
380669
304541
306358
310039
324648
319444
320870
340101
351655
320155
320911
327562
336410
325650
324502
345947
374256
327111
327373
331734
337330
325194
325554
341538
360648
316021
329532
346470
347717
333822
340744
360145
389411
324429
328869
332247
354987
334226
339655
337355
373979
337520
339169
335701
357945
328820
350759
348407
393489
347442
354497
349579
364780
350730
354831
353317
387375
360199
364430
362257
378907
366420
376032
374957
390545
