590165
651920
642300
697503
621885
682486
672476
742890
612926
671403
664383
710453
666607
693466
708133
802990
606438
656331
652460
710800
659592
681058
676375
753017
675111
700199
681929
728231
716657
734534
770713
858788
607963
658199
639341
706734
639549
685174
669214
766554
654728
695554
658634
718754
663487
708840
718376
812119
648477
688623
663825
729668
661480
695259
689404
762559
711579
745264
730033
762488
812163
788365
852794
928427
617246
659954
650194
703504
633291
678375
676299
754609
644550
680738
670742
714151
660315
693325
721392
828532
637211
677371
668718
716989
643858
676729
681450
763149
661652
699698
695390
735604
725058
740673
779540
877077
627790
675047
662240
728456
656545
694677
670738
791240
674950
704955
675447
740279
680981
728260
722059
839894
690756
749826
716241
767457
711351
744204
726953
798964
820324
806004
777629
804495
871565
847374
912107
980893
652095
688386
659754
718023
661560
694727
685841
769349
650957
695372
673981
719160
706954
716054
740953
829178
659412
689707
670198
724473
693604
695490
695740
773074
660724
697549
675543
726226
741194
755498
830047
918891
666547
696209
672145
723535
685217
703063
685219
782292
660164
688119
659353
727140
696195
721000
747058
847929
654313
701743
684265
732783
718798
720091
719290
798259
730153
739350
725708
766602
809339
793442
865457
964802
723595
718684
705057
749224
711223
714340
746159
818879
706708
711008
719310
754196
697067
706824
771558
922857
726390
719002
719852
751255
704487
711615
736052
832041
695246
718638
747566
781173
745357
749605
821410
949803
815259
782531
761871
836350
762160
779002
731465
906233
769013
764117
740809
829840
735492
797075
773689
934874
906275
851053
825102
872520
824300
826618
803384
911102
937875
891905
870553
907095
959338
935205
982025
1043143
