455486
503026
494730
538039
480044
527106
518240
573950
476304
521138
514241
551260
513796
541568
550863
618245
472292
512416
509218
552573
508579
530872
527601
583692
522387
546217
534376
568169
557856
573463
598776
656202
474064
517516
501437
552433
499062
535519
522773
593559
508308
540780
514726
560713
519036
556800
560840
624780
501655
539298
521854
570349
518198
546871
542071
592940
553486
583622
571973
594897
627306
615762
658339
699440
480356
514358
511191
549981
496467
528069
528407
587405
506374
531201
525160
558773
518338
544210
563457
636830
496448
528835
524255
560143
505162
530353
533603
593627
518627
548968
548567
577746
566553
580612
605330
670890
486538
525907
518022
572976
515520
547184
525461
617567
529326
555211
530933
584404
535722
576437
564714
646994
535628
584988
559302
603816
556478
587100
568035
623676
628792
627417
605708
630064
667470
661132
696897
733125
502421
530517
510678
554814
516559
540268
533684
594859
509653
543131
523474
559543
553417
561245
579838
638779
518420
540781
523426
563805
542310
543818
547868
599527
518740
549676
530747
567848
579587
591110
642982
699266
518920
543203
524017
564553
539166
550742
540019
606499
517501
541827
518526
567325
546684
568274
586616
654315
510921
552072
538260
573383
567524
567514
569956
619226
567932
580845
572260
599215
626170
619410
669847
730522
552515
551612
546162
579017
555551
554127
584561
633708
553259
553941
562814
587367
549750
554201
604659
707868
566165
560981
566142
587052
554299
556774
581582
646768
544946
564284
589539
609895
582323
588090
638958
726984
617795
600331
590197
645677
591908
601183
576631
698454
596648
595646
581501
645744
574171
620809
607191
722066
681401
652464
635086
673079
637755
639592
625934
705924
705142
680025
669496
699158
720330
712886
734764
773751
