623891
689679
679729
738479
657962
721559
711181
786590
647644
709926
701789
750674
704864
732344
748740
849298
640817
692987
688414
750921
697039
719077
714702
795718
714225
738353
719173
769203
756900
774873
812970
909222
642830
694325
674882
745949
675068
722574
706836
809249
692101
734034
695127
758262
700533
747748
757676
858389
685626
726753
699642
769671
698125
732955
727488
804986
750932
785256
769456
803877
856805
831481
900101
983124
652928
697088
686239
743237
667969
716939
714361
796972
680198
718771
707472
753181
696823
731279
760988
875249
673846
715418
705498
756479
679677
714003
719246
805090
698336
737233
733221
775345
764132
780881
822669
927206
665118
712659
699383
767845
692327
731834
707832
833759
713214
743180
712712
779924
718407
766573
761500
886383
729445
791318
756026
808004
750088
782943
767406
842264
866109
848867
820308
848145
920182
893035
964202
1040002
689767
728627
697774
758915
699000
733221
724268
812629
686792
733278
712026
759869
746556
755762
781332
875634
695730
727399
707784
764965
732559
733811
733006
815571
697280
734564
712513
766527
781130
795569
874768
970863
704927
735827
709811
764301
722362
741109
722061
825258
697392
725331
695192
767210
733924
759848
787470
894574
691686
739643
721263
772597
758402
759020
757390
841863
770430
779295
764152
808692
853878
836328
912652
1019981
766133
759806
744553
791507
750898
755000
787167
863420
745874
750877
759626
795074
734794
746208
811932
972843
767776
759600
758898
792195
742972
750917
774281
877126
733872
757979
788542
822952
786476
790107
866498
1002587
861588
826781
804463
882737
805119
822816
770764
954650
812517
806057
781400
873677
776388
841045
815775
986106
957851
898781
871903
919994
870990
872168
847812
961097
991517
943317
919786
957474
1015931
989305
1040533
1107478
