521677
578467
569934
616874
551573
605124
594489
658000
544383
595952
589694
630899
589596
616561
628944
711102
539092
583297
580439
631435
584182
605483
600258
668099
597314
623256
606425
647255
637480
652677
685518
759181
539963
587239
569506
628939
567859
610033
594154
681831
580083
618535
586078
639578
589677
631541
638505
719849
572230
612268
591847
650690
587712
619974
613832
677502
632597
664902
650553
678055
723827
702094
758333
819113
547381
585913
579912
625685
563128
602568
600436
670576
574152
605037
596970
635424
587298
617222
642674
735287
564794
601172
595598
638039
573265
603564
606396
678460
587794
624334
620161
656430
644816
660240
692911
776823
553704
598340
588498
649374
584799
619456
596569
705917
599117
628932
601675
661711
606604
651343
643533
745027
612874
666841
637132
686697
633050
665331
647150
711229
728144
718738
691310
717106
772864
755292
809269
862777
578379
609203
584191
635360
588393
617472
608791
682497
578481
618702
598068
637521
628567
637351
660310
735577
587927
614904
595176
644134
616602
619270
620194
687097
587013
623500
601415
646169
660844
673468
739502
814915
590478
618584
596588
642389
610782
625550
611225
695529
586543
614231
588651
646611
620594
643744
666356
753507
579781
626430
609881
652763
641420
642406
643699
710042
647928
659449
648354
682679
719013
705526
769219
852912
640508
635284
626094
664578
633059
632805
664625
728207
629907
631991
639879
670874
622118
629348
688666
821331
644766
638756
641680
668845
627230
633190
658105
741265
619105
639914
667016
696793
664047
668408
729569
842087
722196
694754
675978
743602
677455
690056
653116
807709
682890
678537
659758
739761
653837
709569
689974
829842
802978
753972
730995
777019
731350
733584
714721
809392
829819
788873
771386
804932
847877
826648
863896
913355
