234209
253541
249593
268418
242443
264726
261346
282311
243837
263949
262667
276833
259910
276223
276409
295501
244292
262764
262522
278880
259689
271657
272639
288213
265620
278515
276551
288045
278604
288604
294279
306235
247093
267603
261983
278741
259942
274467
271105
290533
263746
275320
266063
283381
268299
287330
284049
300057
258254
279548
270979
287941
270649
282270
281496
295184
275436
294158
290671
295612
300308
304635
312128
314089
251200
264147
267383
279635
263070
270164
273180
291368
265944
272735
272308
284337
271321
282146
284111
303538
260294
273834
271664
285001
265420
273650
275748
294081
269954
281185
287116
294993
286673
293156
296398
313450
252044
268181
269414
293681
269774
284129
273156
303418
277603
286282
276553
300699
277577
298914
285885
311926
267945
290819
283394
303496
286922
297021
284911
308114
299031
304734
299245
314032
311767
321718
320352
326209
253347
264953
257014
275774
264822
275000
272542
290279
264328
277941
269775
283258
282528
287142
291324
305795
268697
277040
271101
282205
280177
277640
283942
295131
271544
282685
276399
288539
290522
296477
310011
319451
267473
279826
273060
286869
278137
282947
281854
296493
270106
279551
270622
286096
281052
293475
295769
312138
262058
284100
279488
288174
294421
294287
296040
302628
284233
294446
293789
297493
303544
307660
321109
331702
267483
268224
272023
283932
279111
280654
296607
306560
280493
280951
286366
293542
284736
283890
301713
326045
286687
286863
290159
294767
284730
284816
298128
314539
276424
288393
302813
303297
291843
297495
314394
338889
284128
288107
290272
309713
291919
296550
294433
325921
295213
296404
293560
311956
287039
306473
304104
342593
303429
308738
304883
317421
306067
309941
308476
337070
314197
317442
315945
330190
319548
327426
326594
339733
