201849
218245
214170
231312
207655
227306
224552
243271
208772
226070
224950
237789
222584
237072
237274
254759
208851
224039
224558
238615
222097
232975
233739
247801
227851
239045
236309
246848
239422
246986
252217
263916
211540
229012
223296
238711
221969
234411
232137
249054
226048
235350
228077
242846
229649
245550
243033
258022
221441
239433
232129
247016
231560
241299
241194
253451
235901
252102
248719
253576
258068
261381
268697
271357
215291
226389
229014
239910
223760
231434
233384
249659
226807
233043
232348
243049
231543
241593
243287
260063
223258
233641
232193
244105
226624
234720
235921
252008
231060
241043
245467
252000
245360
250944
253839
269342
215942
230109
230819
251505
230742
243533
233261
260031
238308
244872
236196
256682
237875
256360
244638
267659
229437
249128
242991
259955
245411
254356
243906
264719
256625
261856
256438
269249
267867
275963
275463
281478
218321
227459
220030
237492
226742
235857
233850
249451
225277
237117
230912
242471
242564
245494
249859
262085
230235
237001
231357
241879
239940
237823
242803
252736
232446
242003
236247
247670
248615
253752
265895
274200
230346
240440
232959
245163
237610
241674
241135
253670
231232
238972
231258
244622
241051
251041
253370
267135
224590
243017
239179
247092
252459
251390
253362
259325
243623
252317
251381
254776
260583
263313
275741
285162
230523
230508
233218
243870
238771
240586
254624
262906
240894
240581
245369
251527
243994
242736
258466
280351
247119
245418
248244
252286
243732
242997
255115
269263
237003
246742
259760
259804
249893
254958
270050
291504
244504
246949
248237
265927
250590
254595
252216
279705
253481
253805
250949
267178
245806
263195
260904
294508
262125
264757
261828
273048
263117
265425
264751
289575
270770
273024
271587
283895
274924
282015
281555
293831
