0
0
0
0
0
0
0
0
0
0
53746
0
0
0
0
0
0
0
0
0
0
0
0
0
0
0
0
0
0
0
0
0
11876375
0
0
0
0
0
0
0
0
0
0
0
0
0
0
0
0
0
0
0
0
0
0
0
0
0
0
0
0
0
0
0
0
0
0
0
0
0
0
0
0
0
0
0
0
0
0
0
0
0
0
0
0
0
0
0
0
0
0
0
0
0
0
0
0
0
0
0
0
0
0
0
0
0
0
0
0
0
0
0
0
0
0
0
0
0
0
0
0
0
0
0
0
0
0
0
1198562
952272
622549
742098
451118
1025222
462497
912814
1022374
920324
827125
1199561
823415
1136869
599624
1038862
815290
500064
252802
498580
824688
835320
816149
676202
524321
828928
452690
784439
1315755
433221
339248
708474
561953
795491
446144
579593
772724
745626
564963
520442
958925
596375
591967
574174
559400
1021332
679593
557824
1070269
701092
653540
651455
673223
394900
582423
737184
1759167
696946
1398428
948850
502517
657221
838892
636550
0
0
0
0
0
0
0
0
0
0
0
0
0
0
0
0
0
0
0
0
0
0
0
0
0
0
0
0
0
0
0
0
0
0
0
0
2200403
7641971
5026591
3281328
3059152
2775874
0
0
0
0
0
0
0
0
0
0
0
0
0
0
0
0
0
0
0
0
0
0
