0
0
0
0
0
0
0
0
0
0
40288
0
0
0
0
0
0
0
0
0
0
0
0
0
0
0
0
0
0
0
0
0
8907600
0
0
0
0
0
0
0
0
0
0
0
0
0
0
0
0
0
0
0
0
0
0
0
0
0
0
0
0
0
0
0
0
0
0
0
0
0
0
0
0
0
0
0
0
0
0
0
0
0
0
0
0
0
0
0
0
0
0
0
0
0
0
0
0
0
0
0
0
0
0
0
0
0
0
0
0
0
0
0
0
0
0
0
0
0
0
0
0
0
0
0
0
0
0
0
899597
715680
464994
557280
338169
768935
347263
684606
766161
691026
619753
900837
616973
853378
448362
777587
609822
375432
189608
373346
619885
626768
612063
505605
393336
620981
339665
588510
986167
325435
254811
531449
422681
596306
335210
433661
578195
559251
423611
390209
719080
446893
443002
430307
420002
767095
508739
417903
803059
526803
489724
488493
505459
296548
435600
553039
1320708
521882
1049044
712491
377600
493539
630107
478057
0
0
0
0
0
0
0
0
0
0
0
0
0
0
0
0
0
0
0
0
0
0
0
0
0
0
0
0
0
0
0
0
0
0
0
0
1652627
5728118
3771909
2461054
2291901
2083281
0
0
0
0
0
0
0
0
0
0
0
0
0
0
0
0
0
0
0
0
0
0
