0
0
0
0
0
0
0
0
0
0
87600
0
0
0
0
0
0
0
0
0
0
0
0
0
0
0
0
0
0
0
0
0
19298281
0
0
0
0
0
0
0
0
0
0
0
0
0
0
0
0
0
0
0
0
0
0
0
0
0
0
0
0
0
0
0
0
0
0
0
0
0
0
0
0
0
0
0
0
0
0
0
0
0
0
0
0
0
0
0
0
0
0
0
0
0
0
0
0
0
0
0
0
0
0
0
0
0
0
0
0
0
0
0
0
0
0
0
0
0
0
0
0
0
0
0
0
0
0
0
1950688
1547703
1011750
1207323
734028
1669418
752220
1486565
1662409
1492300
1343586
1945988
1336978
1847568
974061
1691575
1325244
813644
410431
810223
1339250
1357882
1325465
1098078
850747
1348518
734430
1273704
2137299
704784
549065
1152612
913011
1295932
727188
944803
1257392
1213817
917257
846300
1556043
969118
957651
933167
909382
1655097
1104792
906933
1740596
1138737
1060811
1058308
1095024
641347
947233
1196472
2854698
1133280
2272946
1535855
818060
1068811
1363960
1033109
0
0
0
0
0
0
0
0
0
0
0
0
0
0
0
0
0
0
0
0
0
0
0
0
0
0
0
0
0
0
0
0
0
0
0
0
3575339
12422444
8162622
5340117
4966657
4509154
0
0
0
0
0
0
0
0
0
0
0
0
0
0
0
0
0
0
0
0
0
0
