0
0
0
0
0
0
0
0
0
0
26931
0
0
0
0
0
0
0
0
0
0
0
0
0
0
0
0
0
0
0
0
0
5938617
0
0
0
0
0
0
0
0
0
0
0
0
0
0
0
0
0
0
0
0
0
0
0
0
0
0
0
0
0
0
0
0
0
0
0
0
0
0
0
0
0
0
0
0
0
0
0
0
0
0
0
0
0
0
0
0
0
0
0
0
0
0
0
0
0
0
0
0
0
0
0
0
0
0
0
0
0
0
0
0
0
0
0
0
0
0
0
0
0
0
0
0
0
0
0
599282
476024
309682
372054
224676
512819
231406
456340
510666
460040
413531
599688
411110
568987
299385
518368
405825
249257
126288
248845
414663
418465
407607
337827
261511
414074
225839
392762
658189
216571
169434
353864
282351
398083
223903
288938
386568
373972
282042
260499
481190
298465
295528
286733
278460
511749
339361
278620
535956
349374
326957
324008
337446
197930
290037
369188
879888
347838
698983
474889
252011
329899
420725
318325
0
0
0
0
0
0
0
0
0
0
0
0
0
0
0
0
0
0
0
0
0
0
0
0
0
0
0
0
0
0
0
0
0
0
0
0
1102105
3819994
2514366
1638597
1528833
1388602
0
0
0
0
0
0
0
0
0
0
0
0
0
0
0
0
0
0
0
0
0
0
