0
0
0
0
0
0
0
0
0
0
128277
0
0
0
0
0
0
0
0
0
0
0
0
0
0
0
0
0
0
0
0
0
28207034
0
0
0
0
0
0
0
0
0
0
0
0
0
0
0
0
0
0
0
0
0
0
0
0
0
0
0
0
0
0
0
0
0
0
0
0
0
0
0
0
0
0
0
0
0
0
0
0
0
0
0
0
0
0
0
0
0
0
0
0
0
0
0
0
0
0
0
0
0
0
0
0
0
0
0
0
0
0
0
0
0
0
0
0
0
0
0
0
0
0
0
0
0
0
0
2849492
2260969
1481112
1763886
1071742
2440303
1102770
2172750
2436990
2182885
1966486
2843043
1954037
2701240
1422258
2472946
1935446
1187957
601508
1182006
1955688
1979917
1934752
1605914
1242152
1968749
1073852
1861248
3125472
1029621
803184
1683836
1334412
1894038
1064237
1379541
1840115
1776099
1340437
1235199
2276006
1416994
1402478
1359318
1329761
2419275
1614566
1326777
2545519
1664326
1550240
1542735
1604375
937505
1383720
1750946
4169980
1658365
3316612
2239219
1195821
1562296
1992294
1512003
0
0
0
0
0
0
0
0
0
0
0
0
0
0
0
0
0
0
0
0
0
0
0
0
0
0
0
0
0
0
0
0
0
0
0
0
5226249
18162321
11924939
7803941
7259422
6587837
0
0
0
0
0
0
0
0
0
0
0
0
0
0
0
0
0
0
0
0
0
0
