0
0
0
0
0
0
0
0
0
0
74184
0
0
0
0
0
0
0
0
0
0
0
0
0
0
0
0
0
0
0
0
0
16330233
0
0
0
0
0
0
0
0
0
0
0
0
0
0
0
0
0
0
0
0
0
0
0
0
0
0
0
0
0
0
0
0
0
0
0
0
0
0
0
0
0
0
0
0
0
0
0
0
0
0
0
0
0
0
0
0
0
0
0
0
0
0
0
0
0
0
0
0
0
0
0
0
0
0
0
0
0
0
0
0
0
0
0
0
0
0
0
0
0
0
0
0
0
0
0
1651090
1310008
855712
1021459
620780
1410660
636647
1257677
1407190
1263632
1136083
1646835
1131565
1563530
824234
1429951
1120492
688200
347501
685436
1133590
1149657
1120452
928187
721072
1140530
622341
1077970
1808066
595963
465705
974759
771861
1093946
614664
798434
1062707
1026110
776910
715685
1318955
820594
811850
790361
769338
1400389
934064
767189
1471844
963155
898240
896741
926741
542305
801039
1011607
2418435
959528
1923459
1302282
691844
903544
1153137
875364
0
0
0
0
0
0
0
0
0
0
0
0
0
0
0
0
0
0
0
0
0
0
0
0
0
0
0
0
0
0
0
0
0
0
0
0
3027021
10505825
6910419
4515044
4203932
3817406
0
0
0
0
0
0
0
0
0
0
0
0
0
0
0
0
0
0
0
0
0
0
