0
0
0
0
0
0
0
0
0
0
67351
0
0
0
0
0
0
0
0
0
0
0
0
0
0
0
0
0
0
0
0
0
14846003
0
0
0
0
0
0
0
0
0
0
0
0
0
0
0
0
0
0
0
0
0
0
0
0
0
0
0
0
0
0
0
0
0
0
0
0
0
0
0
0
0
0
0
0
0
0
0
0
0
0
0
0
0
0
0
0
0
0
0
0
0
0
0
0
0
0
0
0
0
0
0
0
0
0
0
0
0
0
0
0
0
0
0
0
0
0
0
0
0
0
0
0
0
0
0
1500234
1189880
778544
927761
565194
1283328
578369
1142449
1278341
1149347
1032814
1498189
1028556
1421385
749074
1299927
1019178
625172
315966
622401
1030152
1044709
1019115
844683
655977
1036624
565862
980837
1643689
541551
423717
886332
701813
993593
558448
725010
965350
932621
706759
650496
1199223
746379
738819
719069
698730
1274111
849494
697817
1337920
875527
816138
814715
842994
493662
728097
920104
2199118
870983
1748704
1184173
628610
821832
1048197
794968
0
0
0
0
0
0
0
0
0
0
0
0
0
0
0
0
0
0
0
0
0
0
0
0
0
0
0
0
0
0
0
0
0
0
0
0
2751960
9552327
6281117
4104793
3820918
3470300
0
0
0
0
0
0
0
0
0
0
0
0
0
0
0
0
0
0
0
0
0
0
