0
0
0
0
0
0
0
0
0
0
101000
0
0
0
0
0
0
0
0
0
0
0
0
0
0
0
0
0
0
0
0
0
22268468
0
0
0
0
0
0
0
0
0
0
0
0
0
0
0
0
0
0
0
0
0
0
0
0
0
0
0
0
0
0
0
0
0
0
0
0
0
0
0
0
0
0
0
0
0
0
0
0
0
0
0
0
0
0
0
0
0
0
0
0
0
0
0
0
0
0
0
0
0
0
0
0
0
0
0
0
0
0
0
0
0
0
0
0
0
0
0
0
0
0
0
0
0
0
0
2249757
1785776
1168014
1392695
847354
1926515
869466
1715661
1921400
1720405
1551963
2245284
1540648
2132390
1123167
1952507
1528724
938417
474307
934102
1545917
1564241
1528499
1266668
981049
1555278
847346
1470020
2467376
813059
633474
1329411
1053054
1494262
839935
1090190
1451036
1400903
1057219
974990
1795655
1118564
1106740
1075904
1049752
1910354
1273977
1046566
2008927
1314676
1223475
1219234
1264312
741202
1091586
1381518
3295037
1309248
2621032
1771010
943510
1234156
1573556
1192152
0
0
0
0
0
0
0
0
0
0
0
0
0
0
0
0
0
0
0
0
0
0
0
0
0
0
0
0
0
0
0
0
0
0
0
0
4126082
14335301
9419133
6160657
5729146
5201991
0
0
0
0
0
0
0
0
0
0
0
0
0
0
0
0
0
0
0
0
0
0
