0
0
0
0
0
0
0
0
0
0
6721
0
0
0
0
0
0
0
0
0
0
0
0
0
0
0
0
0
0
0
0
0
1484346
0
0
0
0
0
0
0
0
0
0
0
0
0
0
0
0
0
0
0
0
0
0
0
0
0
0
0
0
0
0
0
0
0
0
0
0
0
0
0
0
0
0
0
0
0
0
0
0
0
0
0
0
0
0
0
0
0
0
0
0
0
0
0
0
0
0
0
0
0
0
0
0
0
0
0
0
0
0
0
0
0
0
0
0
0
0
0
0
0
0
0
0
0
0
0
149222
118873
77814
93338
55787
128873
57824
113487
127246
115498
102808
149925
103435
141803
74839
130412
101309
62286
30933
62219
104471
104279
101034
85135
65680
104303
55979
98648
164112
53760
41742
89253
70171
99799
55828
72469
96592
92244
71128
64643
121026
74206
74483
72003
69322
127443
84274
70422
134425
87121
81542
80642
83500
49394
72422
92278
220583
87203
175791
118814
62780
82810
104909
79868
0
0
0
0
0
0
0
0
0
0
0
0
0
0
0
0
0
0
0
0
0
0
0
0
0
0
0
0
0
0
0
0
0
0
0
0
275568
954307
627453
408028
383991
348884
0
0
0
0
0
0
0
0
0
0
0
0
0
0
0
0
0
0
0
0
0
0
