0
0
0
0
0
0
0
0
0
0
94233
0
0
0
0
0
0
0
0
0
0
0
0
0
0
0
0
0
0
0
0
0
20782977
0
0
0
0
0
0
0
0
0
0
0
0
0
0
0
0
0
0
0
0
0
0
0
0
0
0
0
0
0
0
0
0
0
0
0
0
0
0
0
0
0
0
0
0
0
0
0
0
0
0
0
0
0
0
0
0
0
0
0
0
0
0
0
0
0
0
0
0
0
0
0
0
0
0
0
0
0
0
0
0
0
0
0
0
0
0
0
0
0
0
0
0
0
0
0
2100534
1667195
1089838
1299495
790275
1798282
810522
1600397
1791452
1606734
1448005
2095735
1438376
1990830
1048556
1822627
1426025
875828
442545
872069
1442702
1461272
1426494
1182946
916206
1451547
790800
1371252
2303322
759513
590861
1241468
982351
1394592
783155
1017406
1354171
1307118
987679
910366
1675311
1044090
1032253
1004243
980532
1783153
1189133
976794
1874738
1227602
1141354
1138644
1179207
691492
1019151
1288181
3075949
1221417
2447678
1653727
880489
1151373
1468744
1113158
0
0
0
0
0
0
0
0
0
0
0
0
0
0
0
0
0
0
0
0
0
0
0
0
0
0
0
0
0
0
0
0
0
0
0
0
3852143
13380089
8790975
5748929
5347755
4854585
0
0
0
0
0
0
0
0
0
0
0
0
0
0
0
0
0
0
0
0
0
0
