0
0
0
0
0
0
0
0
0
0
114648
0
0
0
0
0
0
0
0
0
0
0
0
0
0
0
0
0
0
0
0
0
25238016
0
0
0
0
0
0
0
0
0
0
0
0
0
0
0
0
0
0
0
0
0
0
0
0
0
0
0
0
0
0
0
0
0
0
0
0
0
0
0
0
0
0
0
0
0
0
0
0
0
0
0
0
0
0
0
0
0
0
0
0
0
0
0
0
0
0
0
0
0
0
0
0
0
0
0
0
0
0
0
0
0
0
0
0
0
0
0
0
0
0
0
0
0
0
0
2549328
2023052
1325052
1578404
959387
2183917
986602
1944347
2179942
1952588
1759812
2544940
1746424
2415347
1273725
2213367
1731557
1064155
538044
1057469
1750896
1772362
1731149
1434302
1112049
1761851
960071
1667222
2796157
921672
718256
1506321
1193330
1694231
952163
1234806
1645056
1587221
1198838
1104957
2036186
1267820
1255521
1217750
1189176
2162903
1444564
1186964
2275541
1489825
1387028
1381716
1433179
839900
1238353
1566152
3731170
1484017
2968576
2006531
1069664
1398507
1783425
1352001
0
0
0
0
0
0
0
0
0
0
0
0
0
0
0
0
0
0
0
0
0
0
0
0
0
0
0
0
0
0
0
0
0
0
0
0
4675651
16242808
10673010
6984396
6497113
5895440
0
0
0
0
0
0
0
0
0
0
0
0
0
0
0
0
0
0
0
0
0
0
