0
0
0
0
0
0
0
0
0
0
47028
0
0
0
0
0
0
0
0
0
0
0
0
0
0
0
0
0
0
0
0
0
10392494
0
0
0
0
0
0
0
0
0
0
0
0
0
0
0
0
0
0
0
0
0
0
0
0
0
0
0
0
0
0
0
0
0
0
0
0
0
0
0
0
0
0
0
0
0
0
0
0
0
0
0
0
0
0
0
0
0
0
0
0
0
0
0
0
0
0
0
0
0
0
0
0
0
0
0
0
0
0
0
0
0
0
0
0
0
0
0
0
0
0
0
0
0
0
0
1048798
833655
543369
648737
394932
895851
405343
797844
894383
805542
723471
1050268
720785
995129
523763
908357
712243
437623
221559
436068
722719
730890
714553
590959
458594
723913
396037
686096
1151066
379285
297256
620883
492107
695270
390909
506976
674766
653012
495136
455695
837992
522805
517411
502848
488715
894081
594167
487760
936794
614160
571686
570251
589256
345966
509913
645329
1539955
608540
1223380
831148
440065
575878
735000
556924
0
0
0
0
0
0
0
0
0
0
0
0
0
0
0
0
0
0
0
0
0
0
0
0
0
0
0
0
0
0
0
0
0
0
0
0
1925328
6687431
4398373
2872236
2675511
2428053
0
0
0
0
0
0
0
0
0
0
0
0
0
0
0
0
0
0
0
0
0
0
