0
0
0
0
0
0
0
0
0
0
121473
0
0
0
0
0
0
0
0
0
0
0
0
0
0
0
0
0
0
0
0
0
26722305
0
0
0
0
0
0
0
0
0
0
0
0
0
0
0
0
0
0
0
0
0
0
0
0
0
0
0
0
0
0
0
0
0
0
0
0
0
0
0
0
0
0
0
0
0
0
0
0
0
0
0
0
0
0
0
0
0
0
0
0
0
0
0
0
0
0
0
0
0
0
0
0
0
0
0
0
0
0
0
0
0
0
0
0
0
0
0
0
0
0
0
0
0
0
0
2700098
2141756
1402713
1670548
1015320
2312138
1044449
2057752
2307914
2067651
1863242
2695008
1849784
2558197
1348010
2342820
1833831
1125981
569679
1119532
1853935
1875766
1832432
1520077
1177063
1865539
1017128
1764682
2960858
976010
760497
1595154
1263735
1793625
1008341
1307071
1742525
1681608
1269480
1170542
2155190
1342715
1329208
1288697
1259573
2291584
1529984
1256890
2410853
1578176
1468414
1462325
1519572
888666
1311330
1657863
3950438
1571912
3142473
2122976
1132731
1480412
1887362
1431433
0
0
0
0
0
0
0
0
0
0
0
0
0
0
0
0
0
0
0
0
0
0
0
0
0
0
0
0
0
0
0
0
0
0
0
0
4950808
17203980
11299005
7394518
6878155
6240168
0
0
0
0
0
0
0
0
0
0
0
0
0
0
0
0
0
0
0
0
0
0
