0
0
0
0
0
0
0
0
0
0
33572
0
0
0
0
0
0
0
0
0
0
0
0
0
0
0
0
0
0
0
0
0
7423892
0
0
0
0
0
0
0
0
0
0
0
0
0
0
0
0
0
0
0
0
0
0
0
0
0
0
0
0
0
0
0
0
0
0
0
0
0
0
0
0
0
0
0
0
0
0
0
0
0
0
0
0
0
0
0
0
0
0
0
0
0
0
0
0
0
0
0
0
0
0
0
0
0
0
0
0
0
0
0
0
0
0
0
0
0
0
0
0
0
0
0
0
0
0
0
749700
596223
387513
464225
281314
641173
289027
569626
638291
575709
516807
750975
513661
711918
373799
647334
507490
312224
157965
311489
516579
522795
509670
422103
326472
517925
282863
490689
822566
270947
212582
442508
352555
497156
279692
361004
482399
467288
352901
325549
600065
373011
369574
358242
348396
639865
424186
348473
669875
437402
408458
406392
421671
247274
362394
460322
1099699
434486
873395
594118
315162
411864
525677
398184
0
0
0
0
0
0
0
0
0
0
0
0
0
0
0
0
0
0
0
0
0
0
0
0
0
0
0
0
0
0
0
0
0
0
0
0
1376959
4773208
3142192
2049886
1911572
1736628
0
0
0
0
0
0
0
0
0
0
0
0
0
0
0
0
0
0
0
0
0
0
