0
0
0
0
0
0
0
0
0
0
107793
0
0
0
0
0
0
0
0
0
0
0
0
0
0
0
0
0
0
0
0
0
23752974
0
0
0
0
0
0
0
0
0
0
0
0
0
0
0
0
0
0
0
0
0
0
0
0
0
0
0
0
0
0
0
0
0
0
0
0
0
0
0
0
0
0
0
0
0
0
0
0
0
0
0
0
0
0
0
0
0
0
0
0
0
0
0
0
0
0
0
0
0
0
0
0
0
0
0
0
0
0
0
0
0
0
0
0
0
0
0
0
0
0
0
0
0
0
0
2400486
1904609
1247025
1486579
903291
2055306
927823
1829965
2050576
1836333
1656339
2395287
1643861
2273876
1198363
2082960
1630514
1001306
506290
995593
1648354
1669022
1629284
1350679
1046360
1658777
903718
1567774
2631212
866716
675705
1417618
1123335
1594386
896189
1162442
1547882
1494537
1127708
1040003
1917048
1193261
1180594
1146924
1119482
2035971
1359357
1117067
2141991
1401634
1305464
1300960
1347845
790558
1164394
1472960
3514406
1396212
2794599
1888980
1006788
1315842
1678114
1272395
0
0
0
0
0
0
0
0
0
0
0
0
0
0
0
0
0
0
0
0
0
0
0
0
0
0
0
0
0
0
0
0
0
0
0
0
4400799
15289468
10045837
6572749
6112046
5549565
0
0
0
0
0
0
0
0
0
0
0
0
0
0
0
0
0
0
0
0
0
0
