0
0
0
0
0
0
0
0
0
0
20195
0
0
0
0
0
0
0
0
0
0
0
0
0
0
0
0
0
0
0
0
0
4454586
0
0
0
0
0
0
0
0
0
0
0
0
0
0
0
0
0
0
0
0
0
0
0
0
0
0
0
0
0
0
0
0
0
0
0
0
0
0
0
0
0
0
0
0
0
0
0
0
0
0
0
0
0
0
0
0
0
0
0
0
0
0
0
0
0
0
0
0
0
0
0
0
0
0
0
0
0
0
0
0
0
0
0
0
0
0
0
0
0
0
0
0
0
0
0
449718
357683
232169
279083
167991
385149
173575
341467
382540
345118
309874
448934
308008
426975
224802
388944
304611
186199
94862
186733
311752
313756
304512
253647
196497
311291
169380
294981
492943
161908
126887
265597
211413
298258
167926
216760
290111
279453
212127
194797
360908
224017
221998
215949
208932
383315
255033
208419
402166
262706
245155
243141
252881
148387
217775
276904
660736
260495
524081
355927
189250
247702
315213
238812
0
0
0
0
0
0
0
0
0
0
0
0
0
0
0
0
0
0
0
0
0
0
0
0
0
0
0
0
0
0
0
0
0
0
0
0
827471
2864382
1883306
1229804
1146862
1042341
0
0
0
0
0
0
0
0
0
0
0
0
0
0
0
0
0
0
0
0
0
0
