0
0
0
0
0
0
0
0
0
0
13484
0
0
0
0
0
0
0
0
0
0
0
0
0
0
0
0
0
0
0
0
0
2969382
0
0
0
0
0
0
0
0
0
0
0
0
0
0
0
0
0
0
0
0
0
0
0
0
0
0
0
0
0
0
0
0
0
0
0
0
0
0
0
0
0
0
0
0
0
0
0
0
0
0
0
0
0
0
0
0
0
0
0
0
0
0
0
0
0
0
0
0
0
0
0
0
0
0
0
0
0
0
0
0
0
0
0
0
0
0
0
0
0
0
0
0
0
0
0
299402
237589
155116
186133
111774
256504
115868
227356
255899
229430
207281
300149
205878
283570
150509
260075
202938
123792
63076
124604
207965
209451
202784
169425
131272
207844
112763
197228
328595
107537
84526
177965
140612
199565
112282
145014
192457
184802
141703
129442
240723
149488
148720
143476
139614
255549
169616
139530
267336
174388
163356
161459
168241
98926
145671
184363
440283
173371
349491
237475
125751
165934
210147
159353
0
0
0
0
0
0
0
0
0
0
0
0
0
0
0
0
0
0
0
0
0
0
0
0
0
0
0
0
0
0
0
0
0
0
0
0
551097
1908083
1255994
819033
765507
696504
0
0
0
0
0
0
0
0
0
0
0
0
0
0
0
0
0
0
0
0
0
0
