0
0
0
0
0
0
0
0
0
0
80929
0
0
0
0
0
0
0
0
0
0
0
0
0
0
0
0
0
0
0
0
0
17813328
0
0
0
0
0
0
0
0
0
0
0
0
0
0
0
0
0
0
0
0
0
0
0
0
0
0
0
0
0
0
0
0
0
0
0
0
0
0
0
0
0
0
0
0
0
0
0
0
0
0
0
0
0
0
0
0
0
0
0
0
0
0
0
0
0
0
0
0
0
0
0
0
0
0
0
0
0
0
0
0
0
0
0
0
0
0
0
0
0
0
0
0
0
0
0
1800617
1428070
934155
1114428
677248
1540371
694352
1372070
1534497
1378131
1240552
1796423
1233680
1705979
899238
1560384
1222861
750662
378818
747551
1235810
1254034
1223135
1012765
786175
1245052
678181
1175233
1972384
650310
507409
1063524
842850
1195378
671068
871380
1160423
1119559
847036
780959
1437285
895538
885510
862256
839979
1527875
1019687
836935
1606591
1051621
979212
977274
1010793
591766
873520
1103622
2637653
1046047
2097934
1419109
755005
986105
1258543
953964
0
0
0
0
0
0
0
0
0
0
0
0
0
0
0
0
0
0
0
0
0
0
0
0
0
0
0
0
0
0
0
0
0
0
0
0
3301057
11464339
7536699
4927014
4587043
4162135
0
0
0
0
0
0
0
0
0
0
0
0
0
0
0
0
0
0
0
0
0
0
