0
0
0
0
0
0
0
0
0
0
60567
0
0
0
0
0
0
0
0
0
0
0
0
0
0
0
0
0
0
0
0
0
13360701
0
0
0
0
0
0
0
0
0
0
0
0
0
0
0
0
0
0
0
0
0
0
0
0
0
0
0
0
0
0
0
0
0
0
0
0
0
0
0
0
0
0
0
0
0
0
0
0
0
0
0
0
0
0
0
0
0
0
0
0
0
0
0
0
0
0
0
0
0
0
0
0
0
0
0
0
0
0
0
0
0
0
0
0
0
0
0
0
0
0
0
0
0
0
0
1349643
1070868
700471
834726
508593
1153822
520775
1027460
1151190
1035972
928631
1349063
925981
1278921
674180
1168539
917635
562716
284318
560816
926856
939696
917919
760731
589820
933199
509431
882164
1480065
487456
381388
798170
631631
893425
502397
652104
869116
839590
635944
585248
1078830
671811
665297
646988
628699
1148643
765002
628135
1203984
787740
735134
732178
757873
444601
655511
829323
1978821
784119
1572877
1066684
565384
739359
943693
715692
0
0
0
0
0
0
0
0
0
0
0
0
0
0
0
0
0
0
0
0
0
0
0
0
0
0
0
0
0
0
0
0
0
0
0
0
2475397
8596091
5654500
3692382
3441470
3123684
0
0
0
0
0
0
0
0
0
0
0
0
0
0
0
0
0
0
0
0
0
0
