0
0
0
0
0
0
0
0
0
0
135014
0
0
0
0
0
0
0
0
0
0
0
0
0
0
0
0
0
0
0
0
0
29691346
0
0
0
0
0
0
0
0
0
0
0
0
0
0
0
0
0
0
0
0
0
0
0
0
0
0
0
0
0
0
0
0
0
0
0
0
0
0
0
0
0
0
0
0
0
0
0
0
0
0
0
0
0
0
0
0
0
0
0
0
0
0
0
0
0
0
0
0
0
0
0
0
0
0
0
0
0
0
0
0
0
0
0
0
0
0
0
0
0
0
0
0
0
0
0
3000459
2380077
1558968
1856457
1127773
2568818
1160369
2287279
2565102
2297280
2069396
2992493
2057557
2843008
1497044
2602650
2037547
1250204
632382
1244623
2059682
2083845
2037307
1689932
1307260
2073454
1130957
1959562
3288820
1084459
845487
1772945
1404964
1993791
1119484
1451793
1937471
1869370
1411038
1299993
2395599
1491415
1475929
1431614
1400400
2546937
1699761
1396589
2679183
1752294
1631326
1624005
1688374
987099
1457148
1843222
4389042
1745116
3490260
2357714
1258505
1644356
2096817
1592089
0
0
0
0
0
0
0
0
0
0
0
0
0
0
0
0
0
0
0
0
0
0
0
0
0
0
0
0
0
0
0
0
0
0
0
0
5502151
19114274
12552287
8215087
7641339
6937808
0
0
0
0
0
0
0
0
0
0
0
0
0
0
0
0
0
0
0
0
0
0
