1983
37
24
113
21
42
8
52
15
52806
3158728
4015
27
1770567
10
9
12
10
15
11
89
271
10
7
16
13
22
8
8
4
8
13
19408065
42055
1239059
77086
24439
153918
158401
157175
158155
160851
32303
12255
1038629
859875
1702063
1611981
937953
771164
603943
365871
281218
300206
282621
244281
291813
483196
288644
214931
2625688
902623
2625639
26935
14984
934174
486735
727365
865049
788460
431612
370885
496928
862802
83465
72602
544196
416000
637235
649241
453310
18383
876765
607606
1263934
166503
87250
226145
15987
96136
41093
22803
2613
22757
246
213420
8466
7291697
1436898
3281478
3295921
11025329
2137194
1930760
3702033
6953950
118818
434001
3863223
2475575
6750782
6911455
2554377
175682
6077776
5764658
8346384
2642072
1002562
1170451
257448
1456070
122703
1710
22089
1822
4744
31
10
4
20
0
0
14
2
4
2
1
8
13
2
10
2
0
1
256
2196
836
839
377
471
553
2
111
2
3
4
5
2
1
25
39
29
188
40
2
5
825
15
99
2
5
4
467
252
2
38
5
2
5
53
24
1
447
1
38
2
1
3
22
13
7
7
3
0
2
3
7
40
2
3
24
9
0
0
1
1
0
17
170
24
20
5
67
6
2
2
4
4
2
2
2
1
3
73
557
18
5
457
17
14
11
87
1103
37
1
2
495
9
13
23
286
6
934
20
3
170
3
29
14
134
312
72
1
17
19
