1983
37
24
24
21
12
8
52
12
32867
2471805
3967
17
1633624
10
9
12
10
14
11
89
271
10
7
16
13
22
4
8
4
8
10
15677441
24261
906418
50011
17358
142030
126411
103962
125945
128066
23994
8154
859320
697582
1339151
1144094
669283
600220
481021
285811
219512
230308
214681
188037
222773
382258
220123
164037
1960422
605016
1960514
20077
10773
641449
286051
508688
607513
496569
304072
222501
302304
554745
62001
54325
341122
265714
441917
428497
314794
14894
487996
412310
923419
124432
62964
164477
11729
63906
32228
17790
2478
17741
183
170529
7141
5827396
1139725
2669840
2641497
8846914
1723134
1510125
2989677
5552256
99832
336968
3016420
1965149
5400119
5580487
2098451
155661
4892582
4583633
6717606
2125355
787147
914194
204506
1123757
104074
1568
17424
1679
3885
12
10
4
4
0
0
5
2
3
2
1
5
8
2
10
2
0
1
201
1546
657
660
154
328
519
2
93
2
3
4
5
2
1
8
34
26
157
40
2
4
796
15
73
1
5
4
456
157
2
36
5
1
4
5
24
1
435
1
28
1
1
1
20
0
5
7
3
0
2
2
7
40
2
3
19
9
0
0
1
1
0
17
168
23
19
5
60
6
2
2
4
4
2
2
2
1
3
65
547
18
5
454
17
14
10
70
1007
32
1
2
487
9
13
20
283
6
918
20
3
168
3
29
14
132
312
71
1
16
16
