37
0
0
0
1
0
0
5
0
14894
1560412
0
6
1254632
0
0
0
5
0
0
0
2
0
0
0
0
4
0
0
0
0
1
10001967
15298
497148
32446
9664
25695
92868
66980
84440
85716
10351
3772
576373
449066
909268
663951
337652
352392
213572
137195
118242
118784
117992
97761
107487
200459
125195
121043
1093649
339900
1093753
11152
4960
374008
167849
297293
277028
272487
168247
115436
168502
303041
37791
35534
192003
169974
227865
253082
200376
7359
279504
255116
419135
71686
35641
81699
7317
42617
19055
11572
1462
11627
52
63830
6591
3798855
754734
1738687
1780814
5803026
1152349
972963
1990384
3647494
68523
215711
1961971
1261168
3533570
3633262
1402847
115944
3160226
3048283
4356226
1423858
513458
586746
133314
732852
70388
592
10748
634
1183
4
0
0
0
0
0
3
0
0
0
0
0
8
2
0
0
0
0
119
1058
530
532
137
292
494
0
36
0
0
1
0
0
0
1
32
16
78
3
1
0
506
15
51
0
3
3
454
34
0
32
2
0
1
3
19
0
226
0
13
0
0
0
9
0
3
0
1
0
0
1
5
27
1
0
6
0
0
0
0
0
0
3
62
21
18
4
47
5
0
0
1
0
0
1
0
0
3
64
523
6
0
17
0
6
7
63
980
31
1
1
450
7
8
0
279
4
915
9
0
27
3
1
10
124
2
63
0
13
0
