37
0
0
0
1
0
0
5
0
14470
632908
0
6
331959
0
0
0
5
0
0
0
2
0
0
0
0
4
0
0
0
0
1
4156626
7435
349093
25193
5671
17833
22666
30607
36197
36840
3732
3348
204445
219861
415051
351367
232236
188451
119074
74099
64139
68112
66851
51301
52051
100564
74749
31463
589178
249573
589290
4049
4573
253356
121577
184953
178994
208564
121056
87004
112796
198210
14893
25420
143228
101463
159347
176312
138204
5443
215077
148538
284506
40090
25045
44140
5955
25515
16795
7523
242
7514
16
44072
6255
1492563
286816
693328
695312
2286823
451479
423270
730909
1463487
23009
90226
828194
541565
1416586
1421656
482500
32766
1303627
1169540
1739026
520148
214185
231088
60271
291487
29397
128
2740
129
463
3
0
0
0
0
0
3
0
0
0
0
0
8
2
0
0
0
0
119
1057
530
532
137
178
470
0
36
0
0
1
0
0
0
1
0
0
44
0
1
0
206
9
25
0
1
1
438
28
0
20
1
0
0
3
9
0
6
0
13
0
0
0
0
0
3
0
1
0
0
1
5
0
0
0
6
0
0
0
0
0
0
3
13
5
2
0
13
5
0
0
0
0
0
0
0
0
2
59
503
6
0
8
0
0
7
59
934
24
1
1
430
5
1
0
268
1
914
8
0
17
3
1
9
124
2
17
0
0
0
