1983
37
24
24
21
13
8
52
15
33960
2668654
4014
27
1658173
10
9
12
10
14
11
89
271
10
7
16
13
22
8
8
4
8
10
17118485
35591
943795
54674
18658
145628
138090
117788
141193
143563
28279
8980
928310
748882
1445940
1221098
732797
652088
517447
311940
242346
254093
235520
206298
242636
411219
248324
187583
2148924
637733
2148997
22996
12741
705255
350897
567708
665194
568408
329531
248127
341875
654534
71654
60479
408016
294093
486183
476513
365251
15854
571550
465185
1001702
139866
69197
180929
13814
71047
34882
20098
2500
20050
190
183241
7211
6338233
1248896
2896462
2903693
9645779
1857876
1647444
3255866
6062134
107367
371596
3312605
2128179
5894481
6090430
2256859
161383
5325853
5008536
7315811
2312571
865587
1008193
223098
1229691
110369
1597
18197
1709
4153
20
10
4
20
0
0
12
2
4
2
1
7
13
2
10
2
0
1
244
2049
823
822
372
471
553
2
111
2
3
4
5
2
1
24
39
26
157
40
2
4
825
15
97
1
5
4
456
165
2
37
5
2
5
53
24
1
435
1
38
2
1
1
20
0
5
7
3
0
2
3
7
40
2
3
23
9
0
0
1
1
0
17
168
24
20
5
60
6
2
2
4
4
2
2
2
1
3
65
547
18
5
456
17
14
10
70
1012
32
1
2
487
9
13
23
283
6
918
20
3
169
3
29
14
132
312
71
1
17
17
