1983
37
24
113
21
42
8
52
15
52806
4123518
4015
27
1774669
10
9
12
10
15
11
89
271
10
7
16
13
22
8
8
4
8
13
25780244
42601
1400898
113302
44844
169073
217414
228681
217864
221029
50295
18377
1395751
1039644
2086130
1741010
1109520
974839
722460
449047
352265
393630
367678
299640
346876
640317
339272
232901
2864982
973781
2864757
30441
15396
1287865
655406
944698
979986
1070787
545536
439346
662417
1106708
122462
105299
730102
566323
898725
831811
573394
23784
1153688
842189
1513623
261882
123583
287616
23125
129643
47446
24970
2642
24893
252
223068
15234
9573242
1861362
4265196
4313143
14405982
2704434
2467819
4758052
9113886
146880
604705
5016575
3158128
8867138
9012645
3252275
206858
7929362
7670959
10809258
3383359
1318508
1561472
330618
1896726
148942
1742
22557
1840
4871
31
10
4
20
0
0
14
2
4
2
1
8
13
2
10
2
0
1
256
2196
836
839
377
471
553
2
111
2
3
4
5
2
1
25
39
29
188
40
2
5
825
15
99
2
5
4
467
252
2
38
5
2
5
53
24
1
447
1
38
2
1
3
22
13
7
7
3
0
2
3
7
40
2
3
24
9
0
0
1
1
0
17
170
24
20
5
67
6
2
2
4
4
2
2
2
1
3
73
557
18
5
457
17
14
11
87
1103
37
1
2
495
9
13
23
286
6
934
20
3
170
3
29
14
134
312
72
1
17
19
