37
0
0
0
1
0
0
5
0
14894
1104002
0
6
798579
0
0
0
5
0
0
0
2
0
0
0
0
4
0
0
0
0
1
7028211
11088
429518
28366
7589
22807
53515
45601
64459
65440
6381
3615
391894
311843
677209
522678
293432
283360
171368
109436
95767
96266
96385
79617
83584
159387
104115
72249
866198
293560
866306
7818
4840
313899
144408
243976
227794
242373
146803
101639
143738
249051
26550
30558
167197
139416
195981
216386
169658
6248
250565
202751
356275
56476
30593
63393
6678
34794
18369
9506
359
9559
38
52542
6467
2648434
521449
1213171
1231273
4018606
804502
689590
1347601
2548512
47336
149023
1384731
901665
2472149
2522300
947312
74735
2224219
2101524
3038131
975738
361546
401701
96746
505091
49872
582
6620
621
618
4
0
0
0
0
0
3
0
0
0
0
0
8
2
0
0
0
0
119
1058
530
532
137
178
470
0
36
0
0
1
0
0
0
1
32
16
63
3
1
0
422
15
26
0
2
2
440
28
0
30
2
0
1
3
9
0
92
0
13
0
0
0
2
0
3
0
1
0
0
1
5
26
0
0
6
0
0
0
0
0
0
3
61
19
16
4
47
5
0
0
1
0
0
1
0
0
3
60
503
6
0
8
0
6
7
59
937
24
1
1
432
7
5
0
269
4
915
8
0
26
3
1
9
124
2
24
0
0
0
