1983
37
24
113
21
42
8
52
15
52806
3400026
4015
27
1771589
10
9
12
10
15
11
89
271
10
7
16
13
22
8
8
4
8
13
20954926
42119
1278403
86726
30434
158442
174551
176190
172803
175563
34467
13259
1132395
897238
1799515
1647346
982325
828410
635762
387908
299809
325705
306801
258572
306657
528842
296917
219417
2691334
917442
2691094
27478
15013
1020271
531563
785805
890475
864146
459365
389099
537726
917094
93334
79804
591088
450679
704167
692678
485716
19564
947154
664014
1317750
189480
95055
242394
17428
103383
42242
23236
2616
23158
246
213569
12193
7864172
1543876
3533116
3551580
11866148
2280818
2065564
3955947
7492996
126297
476703
4160708
2642870
7283456
7442791
2734555
183996
6545113
6241981
8966736
2828273
1080753
1267319
276759
1568811
129165
1712
22141
1832
4745
31
10
4
20
0
0
14
2
4
2
1
8
13
2
10
2
0
1
256
2196
836
839
377
471
553
2
111
2
3
4
5
2
1
25
39
29
188
40
2
5
825
15
99
2
5
4
467
252
2
38
5
2
5
53
24
1
447
1
38
2
1
3
22
13
7
7
3
0
2
3
7
40
2
3
24
9
0
0
1
1
0
17
170
24
20
5
67
6
2
2
4
4
2
2
2
1
3
73
557
18
5
457
17
14
11
87
1103
37
1
2
495
9
13
23
286
6
934
20
3
170
3
29
14
134
312
72
1
17
19
