37
0
0
0
1
0
0
5
0
14894
859659
0
6
556043
0
0
0
5
0
0
0
2
0
0
0
0
4
0
0
0
0
1
5610021
9589
398832
27852
6401
19908
39470
37659
51508
52389
4539
3519
300072
262898
554085
434260
269062
242527
148090
94302
83689
84499
84334
68057
70239
132221
92704
53660
721507
274405
721615
6307
4661
284711
134208
217380
204290
227608
136619
94956
131562
226959
20973
28684
157180
124733
180016
199216
155071
5869
235739
176053
324953
47915
28094
54659
6275
30655
18115
8725
250
8756
27
48058
6419
2078070
410109
948176
955982
3138440
627085
548002
1044524
1996512
36487
121379
1103282
720971
1943773
1962231
689669
54343
1752407
1627338
2386759
741195
284961
318736
79845
399212
39843
140
4961
144
483
4
0
0
0
0
0
3
0
0
0
0
0
8
2
0
0
0
0
119
1057
530
532
137
178
470
0
36
0
0
1
0
0
0
1
1
0
45
0
1
0
377
15
26
0
1
1
438
28
0
29
2
0
1
3
9
0
9
0
13
0
0
0
0
0
3
0
1
0
0
1
5
25
0
0
6
0
0
0
0
0
0
3
60
19
16
4
47
5
0
0
1
0
0
1
0
0
3
60
503
6
0
8
0
6
7
59
937
24
1
1
432
7
2
0
269
4
915
8
0
26
3
1
9
124
2
24
0
0
0
