37
0
0
0
1
0
0
5
0
16793
1800996
0
6
1443407
0
0
0
5
0
0
5
99
0
0
0
0
4
0
0
0
0
1
11359082
16983
541020
34057
10599
27859
105885
75294
96353
97759
11830
4019
654772
486745
1029765
791608
370355
393502
243292
156150
133727
133241
132741
110003
145915
250500
136855
137386
1307552
390078
1307650
12670
5336
409875
188046
345307
383886
325771
182797
124826
209501
358358
42641
37981
206379
185818
264096
275782
218538
7857
326476
284331
561875
80055
38625
116602
8089
46648
19923
13089
1526
13146
52
72843
6637
4323164
856803
1985454
2032459
6613953
1312710
1107137
2268978
4150190
79487
242657
2226631
1427433
4016363
4144419
1621817
134027
3594219
3477716
4970764
1634141
583868
666009
149912
830333
80252
1458
12758
1569
1246
4
0
0
0
0
0
3
0
0
0
0
0
8
2
0
0
0
0
119
1065
530
532
146
292
494
0
37
0
0
1
0
0
0
1
32
16
90
3
1
0
616
15
52
0
4
4
456
34
0
34
2
0
1
3
19
0
365
0
13
0
0
0
11
0
3
0
1
0
0
1
5
28
1
0
6
0
0
0
0
0
0
3
63
21
18
4
49
5
0
0
1
0
0
1
0
0
3
64
523
6
0
17
0
6
7
63
980
31
1
1
450
7
11
0
279
4
915
9
0
27
3
1
10
124
2
63
0
13
0
