5392
37
24
116
21
42
8
52
15
75827
4533299
4015
29
1957708
10
9
12
10
15
11
89
271
12
7
16
13
61
8
8
5
8
13
28714536
48594
1536466
126034
61382
202260
234947
244672
242347
245902
53593
20794
1519695
1177128
2317943
1980477
1304686
1104772
830204
508700
402181
451518
418761
338900
384209
714328
397134
249569
3327350
1135307
3327608
33299
18483
1460617
752754
1067033
1161274
1226819
611530
527338
793491
1292170
132985
118502
834522
641208
1019973
939875
671813
27365
1345272
941533
1815858
292426
143962
343688
26695
141248
55226
28246
4517
28164
301
239903
15419
10513976
2047231
4706399
4743158
15873909
2968625
2726981
5215103
10024407
160048
672294
5548162
3489322
9741895
9922220
3552638
229237
8738461
8437902
11902467
3715669
1451817
1720588
369491
2072752
163958
1777
24329
1875
5888
39
16
4
20
0
0
40
4
6
3
1
8
14
2
10
5
0
1
278
2696
856
859
377
607
632
2
118
2
3
5
5
2
1
25
39
29
386
40
6
5
825
15
259
5
31
4
467
256
3
45
13
31
9
56
31
1
447
1
41
33
25
3
22
20
7
9
50
0
6
4
20
40
11
3
36
15
0
0
12
1
0
17
173
27
27
5
98
12
2
22
4
14
3
14
2
1
3
144
1160
112
1010
461
19
96
921
92
1793
192
1
2
847
9
13
23
297
7
1145
78
133
177
3
87
14
213
313
121
1
22
19
