1983
37
24
113
21
42
8
52
15
52806
3635210
4015
27
1772618
10
9
12
10
15
11
89
271
10
7
16
13
22
8
8
4
8
13
22497733
42180
1320935
95991
35104
162647
189274
195106
185915
188730
36229
13711
1224646
940148
1890353
1676969
1019950
876050
663456
406350
315202
346166
325556
271134
319115
565938
307134
224577
2749291
932719
2749020
28512
15076
1105825
571949
834979
918659
923169
489400
405021
580510
972894
103828
88062
634136
484205
762074
733938
512193
20808
1011395
716725
1372396
211068
102156
255879
18794
110893
44010
23905
2628
23832
246
213942
13350
8456697
1651615
3782944
3814786
12732268
2429097
2203398
4234247
8048882
133192
520694
4448994
2815961
7827794
7977555
2907763
191889
7019848
6731630
9599725
3020529
1161808
1363731
293681
1681946
135918
1737
22141
1833
4746
31
10
4
20
0
0
14
2
4
2
1
8
13
2
10
2
0
1
256
2196
836
839
377
471
553
2
111
2
3
4
5
2
1
25
39
29
188
40
2
5
825
15
99
2
5
4
467
252
2
38
5
2
5
53
24
1
447
1
38
2
1
3
22
13
7
7
3
0
2
3
7
40
2
3
24
9
0
0
1
1
0
17
170
24
20
5
67
6
2
2
4
4
2
2
2
1
3
73
557
18
5
457
17
14
11
87
1103
37
1
2
495
9
13
23
286
6
934
20
3
170
3
29
14
134
312
72
1
17
19
