37
0
0
0
0
0
0
5
0
10236
437305
0
0
194456
0
0
0
5
0
0
0
0
0
0
0
0
4
0
0
0
0
1
2773820
5143
227736
17156
4069
14409
10700
21508
23714
24063
2859
2684
130632
173271
287004
241036
156214
123879
80682
48280
41181
43028
44612
33961
32968
65733
51354
16562
409416
171181
409537
2891
2764
189751
93423
126912
120936
148590
91809
67320
76741
142685
8973
20050
110571
69353
114870
125096
98052
3318
161144
101795
203781
25937
19926
28765
4005
16356
11024
2119
197
2115
15
34817
6218
956034
175236
452712
452714
1497133
299497
276972
469397
945541
13053
61402
541485
363287
936553
951073
321504
20712
864520
769951
1134672
346859
140300
152258
42816
195359
20118
121
2314
124
323
0
0
0
0
0
0
2
0
0
0
0
0
8
2
0
0
0
0
102
285
11
11
2
177
177
0
3
0
0
0
0
0
0
0
0
0
20
0
1
0
0
9
11
0
1
1
438
3
0
10
0
0
0
3
7
0
6
0
11
0
0
0
0
0
3
0
1
0
0
1
5
0
0
0
6
0
0
0
0
0
0
1
13
4
1
0
4
5
0
0
0
0
0
0
0
0
2
59
502
4
0
8
0
0
7
57
920
24
0
1
430
4
1
0
267
1
912
8
0
13
3
1
9
124
2
16
0
0
0
