1980
37
24
24
21
12
8
52
12
29012
2267377
3730
15
1586610
10
9
12
10
14
11
89
271
10
7
16
13
22
4
8
4
7
9
14567830
23418
761216
45417
14991
41059
123198
97797
117409
119472
23557
7620
797792
653601
1228145
1012769
498627
535098
337545
222372
182043
187197
176393
153015
191860
332740
193217
159158
1725936
521583
1725925
18910
9340
567554
258323
461061
546580
441647
271895
197397
271556
503727
56806
50627
300238
235364
396846
390320
280159
13925
440259
375024
823802
111754
56301
152457
11068
60247
31178
15542
2322
15586
182
130822
7140
5280656
1044337
2427409
2429082
8076796
1574420
1359185
2763583
5076818
93853
311762
2746012
1775437
4911698
5085099
1934960
148443
4437100
4207067
6136513
1965393
718728
831157
188003
1029911
95674
1553
16994
1662
3591
11
10
4
2
0
0
5
2
3
2
1
5
8
2
8
2
0
1
200
1335
587
589
153
322
497
2
93
2
3
4
5
2
1
3
32
20
156
40
2
4
796
15
73
0
5
4
456
138
2
35
5
1
4
5
24
1
435
1
28
1
1
1
20
0
5
7
3
0
2
2
7
40
2
3
13
9
0
0
1
1
0
17
168
23
19
5
54
6
2
2
4
4
2
2
2
1
3
65
545
12
5
454
17
14
10
70
983
32
1
2
487
9
13
20
281
6
916
20
3
168
3
29
14
132
312
71
1
16
16
