1983
37
24
24
21
16
8
52
15
42131
2943214
4015
27
1747976
10
9
12
10
15
11
89
271
10
7
16
13
22
8
8
4
8
13
18239373
39135
1090222
64284
20284
150580
145390
133456
149076
151547
29655
10613
981946
813950
1579241
1418134
835789
706529
560109
336402
260422
275176
256347
223607
265476
444132
272782
200007
2405255
761339
2405297
25460
14405
810183
407597
637859
757248
664959
377801
299830
415524
751597
76268
65893
466659
354188
552249
550869
411440
17210
699920
528054
1117968
150361
77257
201580
14532
81446
38070
22250
2514
22204
195
204216
7226
6811326
1342886
3102628
3105264
10347088
2001231
1788360
3496623
6513996
113783
402889
3589731
2306060
6323046
6519407
2407580
169604
5705275
5389913
7848329
2476673
934123
1088121
240817
1339536
118246
1648
19948
1759
4626
31
10
4
20
0
0
13
2
4
2
1
8
13
2
10
2
0
1
251
2167
827
826
377
471
553
2
111
2
3
4
5
2
1
25
39
29
165
40
2
5
825
15
99
2
5
4
463
218
2
37
5
2
5
53
24
1
447
1
38
2
1
3
22
13
7
7
3
0
2
3
7
40
2
3
24
9
0
0
1
1
0
17
170
24
20
5
67
6
2
2
4
4
2
2
2
1
3
73
557
18
5
457
17
14
11
87
1102
37
1
2
495
9
13
23
286
6
934
20
3
170
3
29
14
134
312
72
1
17
19
