37
0
0
0
0
0
0
5
0
3549
211806
0
0
95924
0
0
0
0
0
0
0
0
0
0
0
0
3
0
0
0
0
0
1455191
3011
125773
11441
1887
7223
4676
13258
13639
13848
1625
853
68873
129392
145793
105132
85781
61109
44304
24397
19562
21228
24764
17759
15433
33071
25917
8952
188548
77972
188533
1286
1367
89466
38189
59375
42336
72063
41065
18943
32578
57849
4462
6082
36338
31069
55504
57797
45549
1355
61712
47682
79088
14149
8267
12736
1998
8758
4711
1252
125
1249
15
7858
6019
487830
88216
235176
228390
752092
153723
138401
231067
485425
6429
26955
284427
174236
481543
497644
154805
11484
434655
380234
585406
169455
67135
76421
19978
97714
11630
30
2046
34
97
0
0
0
0
0
0
2
0
0
0
0
0
7
1
0
0
0
0
102
269
1
1
2
177
177
0
3
0
0
0
0
0
0
0
0
0
20
0
0
0
0
8
1
0
0
1
438
2
0
10
0
0
0
2
7
0
1
0
9
0
0
0
0
0
3
0
1
0
0
1
5
0
0
0
1
0
0
0
0
0
0
0
11
2
1
0
2
5
0
0
0
0
0
0
0
0
0
58
502
4
0
5
0
0
7
55
811
22
0
0
427
4
1
0
267
0
912
8
0
10
3
1
9
124
2
16
0
0
0
