37
0
0
0
1
0
0
5
0
14894
1326574
0
6
1019375
0
0
0
5
0
0
0
2
0
0
0
0
4
0
0
0
0
1
8558609
12827
462486
29012
8787
23708
68783
54168
75838
76981
9370
3715
482766
409240
792252
585895
314912
319761
193936
124872
108124
107450
108266
89918
95476
181398
114564
92345
961723
321176
961831
8907
4888
344524
154879
271194
251312
256941
158021
108253
155657
273607
31994
32811
178312
154444
211783
234438
185383
6723
264057
229152
387880
64907
33296
71946
7045
38820
18620
10924
1428
10976
49
55621
6484
3225185
631984
1482899
1510691
4914525
982755
829326
1654309
3105701
58818
177902
1669729
1078842
3004373
3077114
1166683
95925
2697684
2576747
3697661
1203376
440238
486839
114698
614629
60965
591
8567
631
754
4
0
0
0
0
0
3
0
0
0
0
0
8
2
0
0
0
0
119
1058
530
532
137
178
470
0
36
0
0
1
0
0
0
1
32
16
75
3
1
0
498
15
34
0
2
2
442
28
0
31
2
0
1
3
9
0
106
0
13
0
0
0
5
0
3
0
1
0
0
1
5
27
0
0
6
0
0
0
0
0
0
3
62
20
17
4
47
5
0
0
1
0
0
1
0
0
3
60
503
6
0
8
0
6
7
60
938
25
1
1
432
7
8
0
269
4
915
8
0
26
3
1
9
124
2
24
0
0
0
