1983
37
24
113
21
42
8
52
15
52806
3874772
4015
27
1773584
10
9
12
10
15
11
89
271
10
7
16
13
22
8
8
4
8
13
24223873
42312
1357305
104031
40857
166996
202707
209395
201904
204849
48062
17688
1309015
1000390
1994594
1705405
1072808
930789
696430
430771
335876
374130
350148
288057
335888
606910
319727
228666
2803115
958873
2802858
29203
15154
1198358
613326
887376
947270
997518
517307
422586
619921
1038090
113539
97587
681171
525541
828647
782595
543038
22297
1082699
781168
1441182
238567
110576
268538
20957
121321
46156
24175
2629
24098
252
222829
14027
9013208
1752033
4009299
4058777
13551804
2569561
2334944
4500491
8573555
141120
562005
4719245
2983734
8343815
8485875
3076475
199461
7468234
7185692
10196593
3199260
1236164
1456840
312239
1787744
142886
1737
22557
1835
4757
31
10
4
20
0
0
14
2
4
2
1
8
13
2
10
2
0
1
256
2196
836
839
377
471
553
2
111
2
3
4
5
2
1
25
39
29
188
40
2
5
825
15
99
2
5
4
467
252
2
38
5
2
5
53
24
1
447
1
38
2
1
3
22
13
7
7
3
0
2
3
7
40
2
3
24
9
0
0
1
1
0
17
170
24
20
5
67
6
2
2
4
4
2
2
2
1
3
73
557
18
5
457
17
14
11
87
1103
37
1
2
495
9
13
23
286
6
934
20
3
170
3
29
14
134
312
72
1
17
19
