1985
37
24
116
21
42
8
52
15
54955
4342059
4015
27
1865626
10
9
12
10
15
11
89
271
12
7
16
13
52
8
8
4
8
13
27299561
47526
1471823
120140
51130
171655
230515
238375
229837
233231
53171
19648
1457710
1121861
2206252
1842438
1165696
1033256
762520
475540
374817
416865
388310
317565
362726
671969
368841
244053
3060907
1034351
3061215
31989
16966
1364133
695016
1004964
1032429
1135863
580542
465639
706003
1172457
128769
112052
772025
603264
950973
885509
623435
25404
1225672
894802
1606816
279379
132039
304438
24622
135524
52070
27315
4488
27236
275
233214
15346
10063860
1966114
4493150
4540749
15191392
2845765
2600688
5011147
9592501
154125
641912
5292745
3330234
9329850
9496355
3409038
220612
8356932
8073703
11400422
3556566
1388778
1652810
350408
1991393
157600
1775
23193
1873
5010
38
16
4
20
0
0
36
2
4
3
1
8
14
2
10
2
0
1
269
2484
848
851
377
485
617
2
118
2
3
5
5
2
1
25
39
29
383
40
2
5
825
15
259
2
31
4
467
254
3
43
13
24
9
56
31
1
447
1
41
2
25
3
22
20
7
8
3
0
2
3
20
40
8
3
24
9
0
0
1
1
0
17
170
24
20
5
67
12
2
22
4
4
2
14
2
1
3
73
558
18
6
461
19
96
18
87
1116
38
1
2
498
9
13
23
292
6
935
20
3
177
3
87
14
138
312
109
1
17
19
