1976
37
24
24
21
12
8
30
12
19093
2030923
3719
13
1488379
10
9
12
10
14
11
89
271
10
7
16
13
20
4
8
4
7
9
13308576
17910
593208
39819
11186
28812
112773
89555
110909
112817
19099
6490
725727
572764
1136512
884941
422297
458042
286562
180342
153323
153994
150101
128661
166672
282566
165946
146813
1456134
427003
1456191
16947
6907
467483
224739
402099
448240
387881
208884
142082
243667
420258
49719
44927
240343
208663
305272
327651
249566
12906
385097
330276
658360
98303
44601
138748
9879
53521
24062
14284
2038
14340
59
86599
6980
4794716
948447
2224672
2240861
7363298
1446255
1216500
2522421
4618500
86914
276410
2488345
1595879
4472245
4637634
1779780
142615
4008670
3862390
5570104
1812193
652872
755681
170256
938200
87618
1469
15787
1579
2877
8
10
4
2
0
0
3
2
3
2
1
1
8
2
2
2
0
1
125
1089
535
536
147
322
497
2
83
0
3
4
5
2
0
3
32
20
156
40
2
4
796
15
54
0
5
4
456
133
2
35
5
0
3
5
24
1
417
1
23
1
1
1
13
0
5
7
3
0
2
2
6
28
2
3
12
9
0
0
1
1
0
7
168
22
19
5
54
6
2
2
4
4
2
2
2
1
3
65
545
12
5
453
12
12
10
70
981
32
1
2
487
9
13
20
281
6
916
20
3
168
3
6
14
132
312
71
1
16
16
